value(2,12,10,62,60)
value(6,13,10,56,60)
value(5,13,3,63,58)
value(2,12,3,61,58)
value(2,13,7,64,54)
value(4,12,7,61,54)
value(1,11,7,57,54)
value(8,12,13,62,51)
value(1,11,13,59,51)
value(4,13,13,56,51)
value(2,10,13,53,51)
value(5,13,6,64,50)
value(6,12,6,61,50)
value(2,11,6,57,50)
value(1,10,6,52,50)
value(7,13,1,63,48)
value(1,12,1,61,48)
value(4,11,1,55,48)
value(2,10,1,52,48)
value(6,12,12,62,46)
value(2,11,12,59,46)
value(7,13,12,56,46)
value(3,10,12,53,46)
value(1,9,12,49,46)
value(9,12,5,61,45)
value(8,11,5,57,45)
value(7,10,5,52,45)
value(5,9,5,47,45)
value(7,12,11,62,42)
value(3,11,11,59,42)
value(9,13,11,56,42)
value(6,10,11,53,42)
value(2,9,11,49,42)
value(1,8,11,44,42)
value(9,10,10,53,40)
value(6,9,10,49,40)
value(2,8,10,44,40)
value(9,13,4,63,39)
value(8,12,4,61,39)
value(7,11,4,57,39)
value(6,10,4,52,39)
value(1,9,4,47,39)
value(3,8,4,43,39)
value(9,10,3,52,37)
value(7,9,3,47,37)
value(2,8,3,43,37)
value(9,12,9,62,35)
value(6,11,9,57,35)
value(8,13,9,56,35)
value(7,10,9,53,35)
value(5,9,9,49,35)
value(4,8,9,44,35)
value(2,7,9,38,35)
value(8,13,2,63,33)
value(7,12,2,61,33)
value(9,11,2,55,33)
value(5,10,2,52,33)
value(3,9,2,47,33)
value(4,8,2,43,33)
value(6,7,2,36,33)
value(1,8,1,43,31)
value(7,7,1,36,31)
value(1,7,13,41,30)
value(5,6,13,34,30)
value(9,11,8,57,29)
value(8,10,8,53,29)
value(7,9,8,49,29)
value(6,8,8,44,29)
value(1,7,8,38,29)
value(2,6,8,32,29)
value(9,9,7,49,26)
value(8,8,7,44,26)
value(6,7,7,38,26)
value(1,6,7,32,26)
value(2,5,7,27,26)
value(9,6,11,34,23)
value(7,5,11,28,23)
value(8,4,11,25,23)
value(6,6,4,32,21)
value(1,5,4,27,21)
value(2,4,4,24,21)
value(9,8,6,44,18)
value(8,7,6,38,18)
value(7,6,6,32,18)
value(6,5,6,27,18)
value(1,4,6,24,18)
value(2,3,6,20,18)
value(3,5,9,28,15)
value(5,4,9,25,15)
value(9,3,9,20,15)
value(8,2,9,17,15)
value(4,4,13,25,11)
value(7,3,13,22,11)
value(9,2,13,17,11)
value(8,1,13,14,11)
value(7,7,12,41,10)
value(8,6,12,34,10)
value(2,5,12,28,10)
value(3,4,12,25,10)
value(1,3,12,22,10)
value(6,2,12,17,10)
value(4,1,12,14,10)
value(7,2,11,17,9)
value(1,1,11,14,9)
value(7,6,10,34,8)
value(1,5,10,28,8)
value(2,4,10,25,8)
value(5,3,10,20,8)
value(4,2,10,17,8)
value(3,1,10,14,8)
value(1,4,8,25,7)
value(8,3,8,20,7)
value(2,2,8,17,7)
value(6,1,8,13,7)
value(3,3,7,20,6)
value(1,2,7,17,6)
value(2,1,7,13,6)
value(9,7,5,38,5)
value(8,6,5,32,5)
value(7,5,5,27,5)
value(6,4,5,24,5)
value(4,3,5,20,5)
value(5,2,5,16,5)
value(3,1,5,12,5)
value(6,2,4,16,4)
value(2,1,4,12,4)
value(9,6,3,32,3)
value(8,5,3,27,3)
value(7,4,3,24,3)
value(5,3,3,19,3)
value(2,2,3,16,3)
value(1,1,3,12,3)
value(9,5,2,27,2)
value(8,4,2,24,2)
value(7,3,2,19,2)
value(4,2,2,16,2)
value(6,1,2,12,2)
value(9,4,1,24,1)
value(8,3,1,19,1)
value(7,2,1,16,1)
value(5,1,1,12,1)
::endmodel
